function [stationname,stationlat,stationlon,stationtz] = stationinfofromnumber(stationnum)
%Returns name, lat, lon, and time zone of a weather station given its 6-digit WMO ID number
%   Lats/lons here are actually min/sec not decimal -- but not to worry, they'll be converted automatically in due time
%   Written for WBT/t-overlap project
%   If a particular station's info is not in here, it should be added!

%Steps
%1. Create arrays
%2. Search through them for the given stationnum and to find the corresponding stationname

stnnumlistforref=[700260;701330;701740;702000;702190;702310;702610;...
    702710;702730;703080;703160;703260;703410;703500;703610;...
    703810;722010;722015;722026;722030;722050;...
    722060;722065;722070;722080;722085;722110;...
    722140;722170;722175;722180;722190;722210;722225;...
    722230;722250;722260;722269;722310;722340;722350;...
    722390;722400;722410;722430;722480;722500;722510;...
    722515;722530;723110;723120;723140;723150;723170;...
    723230;723240;723260;723270;723306;723340;723440;...
    723510;723530;723540;724110;724140;724210;724220;...
    724230;724236;724240;724250;724280;724290;724320;...
    724338;724340;724380;724390;724400;724450;724460;...
    724500;724505;724510;724560;724580;724620;724640;...
    724650;724695;724760;724860;724880;724920;724940;...
    725020;725030;725070;725080;725090;725130;725140;725150;...
    725200;725210;725240;725250;725260;725280;725290;725300;...
    725320;725330;725350;725360;725370;725377;725390;725430;...
    725440;725460;725480;725500;725510;725520;725560;725570;...
    725620;724640;725660;725670;725690;725720;725755;...
    725760;725780;725830;725910;725970;726050;726060;726170;...
    726350;726360;726370;726390;726400;726410;726440;...
    726450;726510;726540;726580;726620;726625;726770;...
    726810;726815;726880;726930;726940;726980;727340;...
    727450;727470;727530;727575;727640;727670;727680;...
    727720;727730;727770;727850;727855;727910;727920;727930;...
    727970;742060;743920;744860;745160;745700;...
    745940;745980;746710;722900;722700;723650;722780;...
    722740;722950;723890;723840;723860;723630;724010;723060;...
    724080;724070;722670;722630;722590;722660;722650;...
    723090;723030;722860;702510;722560;722576;722745;...
    722906;722970;723080;723100;723870;724030;...
    724050;724060;724088;724096;725035;725640;...
    726380;726590;727790;727810;727830;742070;722550;...
    723400;725650;726088];
    
stnnamelistforref={'barrow ak';'kotzebue ak';'bettles ap ak';'nome ak';'bethel ak';'mcgrath ak';'fairbanks ak';...
        'gulkana ak';'anchorage ak';'st paul ak';'cold bay ak';'king salmon ak';'homer ak';'kodiak ak';'yakutat ak';...
        'juneau ak';'key west ap fl';'key west nas fl';'homestead afb fl';'west palm beach fl';'orlando fl';...
        'jacksonville ap fl';'jacksonville nas fl';'savannah ga';'charleston sc';'beaufort sc';'tampa fl';...
        'tallahassee fl';'macon ga';'warner robins afb ga';'augusta ga';'atlanta ga';'eglin afb fl';'pensacola fl';...
        'mobile al';'fort benning ga';'montgomery al';'cairns aaf al';'new orleans la';'meridian ms';'jackson ms';...
        'fort polk la';'lake charles la';'beaumont tx';'houston tx';'shreveport la';'brownsville tx';'corpus christi ap tx';...
        'corpus christi nas tx';'san antonio tx';'athens ga';'greenville sc';'charlotte nc';'asheville nc';'greensboro nc';...
        'huntsville al';'chattanooga tn';'knoxville tn';'nashville tn';'columbus afb ms';'memphis tn';'fort smith ar';...
        'wichita falls tx';'oklahoma city ok';'tinker afb ok';'roanoke va';'charleston wv';'cincinnati oh';'lexington ky';...
        'louisville ky';'jackson ky';'fort knox ky';'huntington wv';'port columbus oh';'dayton oh';'evansville in';...
        'scott afb il';'st louis mo';'indianapolis in';'springfield il';'springfield mo';'columbia mo';'kansas city mo';...
        'wichita ks';'mcconnell afb ks';'dodge city ks';'topeka ks';'concordia ks';'alamosa co';'pueblo co';...
        'goodland ks';'buckley angb co';'grand junction co';'ely nv';'reno nv';'stockton ca';'san francisco ca';...
        'newark nj';'queens lga ny';'providence ri';'hartford ct';'boston ma';'scranton pa';'williamsport pa';'binghamton ny';...
        'pittsburgh pa';'akron oh';'cleveland oh';'youngstown oh';'erie pa';'buffalo ny';'rochester ny';'chicago il';...
        'peoria il';'fort wayne in';'south bend in';'toledo oh';'detroit mi';'selfridge angb mi';'lansing mi';'rockford il';...
        'moline il';'des moines ia';'waterloo ia';'omaha ne';'lincoln ne';'grand island ne';'norfolk ne';'sioux city ia';...
        'north platte ne';'cheyenne wy';'scottsbluff ne';'valentine ne';'casper wy';'salt lake city ut';'hill afb ut';...
        'lander wy';'pocatello id';'winnemucca nv';'red bluff ca';'medford or';'concord nh';'portland me';'burlington vt';...
        'grand rapids mi';'muskegon mi';'flint mi';'alpena co mi';'milwaukee wi';'madison wi';'rochester mn';...
        'green bay wi';'sioux falls sd';'huron sd';'minneapolis mn';'rapid city sd';'ellsworth afb sd';'billings mt';...
        'boise id';'mountain home afb id';'pendleton or';'eugene or';'salem or';'portland or';'sault ste marie mi';...
        'duluth mn';'international falls mn';'fargo nd';'grand forks afb nd';'bismarck nd';'williston nd';'glasgow mt';...
        'helena mt';'missoula mt';'havre mt';'spokane wa';'fairchild afb wa';'astoria or';'olympia wa';'seattle wa';...
        'quillayute wa';'mcchord afb wa';'brunswick me';'queens jfk ny';'travis afb ca';'wright-paterson afb oh';...
        'andrews afb md';'langley afb va';'fort campbell ky';'san diego ca';'el paso tx';'albuquerque nm';'phoenix az';...
        'tucson az';'los angeles ca';'fresno ca';'bakersfield ca';'las vegas nv';'amarillo tx';'richmond va';'raleigh nc';...
        'philadelphia pa';'atlantic city nj';'lubbock tx';'san angelo tx';'dallas tx';'abilene tx';'midland tx';...
        'cherry point nc';'pope afb nc';'march afb ca';'talkeetna ak';'waco tx';'fort hood tx';'davis-monthan afb az';...
        'north island nas ca';'long beach ap ca';'norfolk ap va';'columbia sc';'mercury nv';'dulles ap va';...
        'reagan national ap va';'baltimore-washington ap md';'dover afb de';'mcguire afb nj';'islip ap ny';'cheyenne wy';...
        'houghton lake ap mi';'aberdeen sd';'kalispell mt';'yakima ap wa';'lewiston id';'fort lewis wa';'victoria tx';...
        'little rock ar';'denver co';'bangor me'};
 
   
